.Random.seed <-
c(403L, 10L, 1061195890L, 1516434116L, -929962873L, 464099421L, 
58621524L, -1394738054L, -922458171L, -1979045601L, 225355942L, 
1113131568L, -1075670829L, 94969585L, 301809184L, 964348094L, 
-357970743L, -1009359237L, 857465930L, 248065196L, 361855919L, 
-255295643L, 438375708L, -952418958L, -708364819L, -1020208601L, 
1273002574L, -1441186136L, -616082261L, -758114871L, -1391224360L, 
538775686L, 1474469217L, 1150005491L, -1861484702L, 1279736276L, 
1151995095L, 1258311373L, 1098393188L, -646863798L, -431296075L, 
1923742991L, 1390246422L, -1590684480L, 1415819907L, -1989927263L, 
-833908592L, -577078418L, 1403544857L, 1064736171L, 2143941530L, 
-1464292516L, -83269025L, -248065483L, 44612044L, 2140475682L, 
630838141L, -1894010761L, 386807198L, -709407656L, -760006213L, 
60718937L, 1010007272L, 1141941526L, 1698395793L, -2055652541L, 
1029006930L, -1062532892L, 1397021479L, 1828253565L, 2088731252L, 
-509305766L, 448930981L, -606699841L, -341170874L, -594416688L, 
939402739L, 1350963473L, 156925248L, -201278178L, 1887545833L, 
-1348695269L, -924740310L, 1160007244L, 24009231L, 1534098757L, 
-1237917956L, -2104330926L, 249445069L, -1368190329L, 1387918702L, 
-1784402104L, -1260037301L, -1209810263L, 1494411256L, -194410714L, 
50870337L, -1087759917L, 2081076098L, -604358732L, 436973367L, 
1912809005L, -29862076L, 279012458L, 1578680021L, -1356187537L, 
-45287050L, 856113824L, 597454691L, -1744690175L, 1796591472L, 
-1219672306L, 347595129L, 891778315L, 1444130362L, 773915964L, 
-403600769L, -1574006315L, 1528590316L, 1620726082L, 2110967453L, 
-1444820201L, 129514110L, -57218504L, -1952568037L, -2129847687L, 
616437448L, 1382756086L, 1432987441L, -1363656861L, 1419744562L, 
943679108L, -666193209L, -1346743907L, -243411692L, -607487046L, 
-1341780475L, -53563425L, 611796582L, -1838419472L, 650518291L, 
-1183211343L, -962043040L, 1348088062L, -302858103L, 1772982203L, 
-140019318L, 123816044L, -1602704913L, -1121557979L, -590334244L, 
110668978L, 1871978413L, 879084391L, -1797963634L, -1783964312L, 
281705835L, 656133897L, 756261272L, -513398586L, 1121810977L, 
2034909875L, 1709510690L, 430443028L, -1254797673L, -431021939L, 
30250404L, -1728964726L, 425333749L, -1791796657L, -1759290026L, 
1585420288L, -435566269L, 993789153L, 1433525840L, -249249106L, 
1978680921L, 1026297451L, 2036605914L, 1543074972L, -1911775585L, 
-1378339595L, -28871284L, 1250406498L, -403267523L, -661284169L, 
-1347878562L, 1695262872L, 1166472187L, -2124004967L, 1997734440L, 
-3116330L, 1076492113L, 2030844419L, -606425710L, -1881490652L, 
-628761113L, -255542723L, -1013623628L, -1848454374L, 1978726501L, 
-1027559169L, 604356998L, 1547122448L, 1323471795L, 313217105L, 
-455449600L, 547742942L, -371665111L, 1555163867L, 638910954L, 
19147148L, -568357169L, 202191493L, -443496132L, -1499745262L, 
900471565L, -1089648569L, 15804974L, 1064735624L, 1902788235L, 
1238528105L, 1159846968L, 228240614L, 205542529L, -263584749L, 
591385538L, 2077068404L, 1183154807L, -1823826064L, 1286443300L, 
563875384L, 1340693914L, -574179888L, -1255403076L, 1838719636L, 
-983370110L, -1651174976L, 1519370044L, 1724298896L, 2019431202L, 
-1331083768L, 402798348L, 1093908380L, -1128538094L, -891051136L, 
442392340L, -1384527576L, -233791430L, -1454893104L, -547280276L, 
1721797684L, -464071534L, -658162336L, -566136500L, 1961191904L, 
-276267102L, 1938067368L, 2095314060L, -1018088516L, 1507072114L, 
27931632L, 1477623876L, -1112042408L, 659394618L, -707428240L, 
-1084837316L, 1621408532L, 1938063042L, -1893384480L, -2068630404L, 
-569524016L, -892111966L, 539841064L, -1405999860L, -442475588L, 
106841394L, -836858688L, -2131698124L, 124098248L, -464546118L, 
-997842800L, 884701932L, -941446572L, -907342190L, -1990591712L, 
-353113140L, 1168850144L, 1367599810L, -1293983704L, 1860848556L, 
-1409721668L, -246200846L, -1988450768L, -1700302940L, -1373600328L, 
1298956122L, -637052784L, -1929311364L, -2086247660L, -1936244414L, 
1574929152L, -344223812L, -54430896L, 57832738L, -1750131128L, 
-1445156852L, -2098605988L, -541410862L, 1612380672L, 1203437908L, 
-406297368L, 1900625146L, 1456551632L, -1481609940L, -941848332L, 
-211577454L, -274957984L, -1803159540L, 447102688L, -1058629022L, 
-309379416L, -185018804L, -1125508228L, -1743293134L, -761618832L, 
-1180394684L, -2104773672L, 1701052282L, 467571248L, 204999612L, 
-1502453164L, -929420222L, 695679136L, 754959036L, -2113348144L, 
-1686382750L, -1619291416L, -1249024820L, -1798296068L, 920050162L, 
-732809600L, 388564468L, 1791226504L, -1790294214L, -1819435184L, 
1090210924L, -575156844L, -349131694L, -1786529312L, -1202899764L, 
1069641888L, -220812926L, -558139160L, 1996825324L, -675932868L, 
-1751364494L, -1030871952L, 629648420L, 950427704L, -1186665702L, 
999185616L, -1595614404L, 168683412L, -1303859326L, -758123072L, 
-1309507012L, -1086211696L, -194135518L, 1185246472L, 1130019468L, 
2081609500L, 867872914L, 1062494592L, 294634004L, 2113200936L, 
-462526918L, 1864849872L, 1267717484L, -800689228L, 593140754L, 
953192928L, -1628150836L, -1594740512L, 293038114L, -189719256L, 
-698665460L, -291626180L, 186766322L, -618053904L, 1798228548L, 
566357592L, -369814726L, -1732800016L, -77381956L, -2082923244L, 
-1191420222L, 950345824L, 1623631740L, 1561091024L, 1790106914L, 
-1504762200L, -1502770292L, -881804100L, 588179250L, -1320422848L, 
1179097268L, 655166024L, -590406L, 531690000L, 469147372L, 1534291284L, 
-1477184238L, 1593211296L, 1855839948L, -44218784L, -740133950L, 
-757185752L, -696583252L, -920383684L, 1486028146L, 23424816L, 
-1293011676L, 2143738680L, -434372902L, 917308304L, -1757422852L, 
-1278225516L, -1353215934L, -1301896960L, 1064621116L, -2064120496L, 
1159553186L, 1401314632L, 1323547404L, 1910112988L, 1561411922L, 
-554311552L, 1170279508L, 1934916584L, 107484410L, 1626029904L, 
-1895723220L, -865780364L, -1721770094L, -1604846496L, 1293522316L, 
-463959200L, 1211901410L, -1483414616L, 200859852L, -1275593732L, 
-1426058830L, -1992679952L, 1810087876L, -557686440L, -1259114137L, 
-1162546544L, 1307724974L, -425517733L, -1507008195L, 432516010L, 
1421737032L, 1542481009L, -1849478685L, -482636572L, 711292946L, 
-562275353L, -1934244943L, -1705968138L, 2029944852L, 1226575653L, 
-623593425L, -1485905432L, -892905786L, 1252734835L, -1807233067L, 
1304733618L, 1148510592L, 641702249L, -1129173541L, 1218782508L, 
435490618L, 615883247L, 1249768569L, -167147762L, -259095844L, 
-681688755L, 574364855L, -1880422848L, -1929951458L, -1330864661L, 
-654237331L, 365854682L, 2129463704L, -617752575L, -1927308877L, 
930197716L, -1560259102L, 981319799L, 1796154817L, 396578630L, 
-96241020L, -308313035L, -1712446433L, 349299576L, 862964310L, 
1926829795L, -30666587L, -1555857086L, -1303378128L, 1353012057L, 
-156002101L, 173320508L, 1456203114L, -1045467233L, -320366039L, 
-441334594L, -1924375124L, 1597604605L, -1732596153L, 2080640304L, 
-1498399154L, -452145541L, -2140840483L, 874093578L, -1522877144L, 
347927441L, 804275587L, 296395396L, -588332878L, -62046201L, 
-1517183919L, 1511418838L, -1837419852L, 1488941765L, 1539781647L, 
-594512760L, -345959002L, -2013315757L, 184325813L, 2091600914L, 
-1104589344L, 59764809L, -1350027653L, 1794113356L, 509188826L, 
967401167L, -2095337831L, 1166709422L, -504352836L, 1450588205L, 
-853940265L, 61918752L, -117289090L, -678235829L, 1061163853L, 
-1244745350L, -92765256L, 1971943777L, 1383482643L, -458109644L, 
-1363216574L, 988342103L, -1517865311L, 410359654L, -1885843100L, 
-332852075L, -1474773569L, -769457832L, 788803446L, 689069443L, 
-1221871675L, -398398238L, -1455523504L, 1997514873L, -482120789L, 
1411690780L, 475641418L, 562377279L, -1994176887L, -1334283618L, 
-691196084L, 1652655901L, -1566398809L, -1246777904L, 301921646L, 
278308891L, 169363837L, 270159722L, 1953651208L, 1841815217L, 
-206292701L, 1318562340L, -1878179630L, 803797287L, 1917694833L, 
-898809418L, 2038249812L, -1833863195L, 1087799791L, -1457182424L, 
